16
1.000000 0.113846 0.067055 0.074084 0.048187 0.206134 0.049549 0.118770 0.161637 0.054238 0.055331 0.073808 0.118690 0.008046 0.068411 0.125718 
0.113846 1.000000 0.115879 0.100962 0.055059 0.082337 0.145279 0.070321 0.024813 0.096212 0.076022 0.088790 0.231948 0.058076 0.306167 0.056829 
0.067055 0.115879 1.000000 0.162462 0.079708 0.092181 0.146140 0.075824 0.095075 0.143456 0.113135 0.156498 0.272068 0.075227 0.105894 0.082759 
0.074084 0.100962 0.162462 1.000000 0.094689 0.128329 0.204522 0.062385 0.108022 0.073828 0.029823 0.255993 0.287017 0.042481 0.135879 0.090879 
0.048187 0.055059 0.079708 0.094689 1.000000 0.134543 0.102826 0.085117 0.095936 0.167204 0.057125 0.114455 0.116081 0.029724 0.091831 0.116852 
0.206134 0.082337 0.092181 0.128329 0.134543 1.000000 0.131002 0.145614 0.122833 0.097738 0.071248 0.118418 0.154844 0.042250 0.119916 0.153010 
0.049549 0.145279 0.146140 0.204522 0.102826 0.131002 1.000000 0.081446 0.093362 0.100594 0.074504 0.042208 0.120301 0.035057 0.131387 0.078767 
0.118770 0.070321 0.075824 0.062385 0.085117 0.145614 0.081446 1.000000 0.272301 0.111551 0.038209 0.050695 0.078659 0.054324 0.085659 0.077355 
0.161637 0.024813 0.095075 0.108022 0.095936 0.122833 0.093362 0.272301 1.000000 0.100529 0.053641 0.069036 0.160778 0.073536 0.138007 0.060970 
0.054238 0.096212 0.143456 0.073828 0.167204 0.097738 0.100594 0.111551 0.100529 1.000000 0.335615 0.103343 0.100102 0.059456 0.077110 0.055750 
0.055331 0.076022 0.113135 0.029823 0.057125 0.071248 0.074504 0.038209 0.053641 0.335615 1.000000 0.042806 0.104323 0.138604 0.064993 0.023545 
0.073808 0.088790 0.156498 0.255993 0.114455 0.118418 0.042208 0.050695 0.069036 0.103343 0.042806 1.000000 0.307259 0.092614 0.109174 0.117566 
0.118690 0.231948 0.272068 0.287017 0.116081 0.154844 0.120301 0.078659 0.160778 0.100102 0.104323 0.307259 1.000000 0.095382 0.149919 0.051048 
0.008046 0.058076 0.075227 0.042481 0.029724 0.042250 0.035057 0.054324 0.073536 0.059456 0.138604 0.092614 0.095382 1.000000 0.106527 0.021239 
0.068411 0.306167 0.105894 0.135879 0.091831 0.119916 0.131387 0.085659 0.138007 0.077110 0.064993 0.109174 0.149919 0.106527 1.000000 0.072734 
0.125718 0.056829 0.082759 0.090879 0.116852 0.153010 0.078767 0.077355 0.060970 0.055750 0.023545 0.117566 0.051048 0.021239 0.072734 1.000000 
