16
1.000000 0.050809 0.080826 0.070053 0.037548 0.147098 0.038834 0.104669 0.239505 0.047172 0.071731 0.093846 0.131834 0.009119 0.074557 0.111801 
0.050809 1.000000 0.103401 0.060956 0.046864 0.055490 0.095352 0.059712 0.004857 0.076163 0.046506 0.068337 0.226052 0.055795 0.332389 0.038109 
0.080826 0.103401 1.000000 0.188727 0.089314 0.089318 0.112656 0.048277 0.092047 0.173418 0.097076 0.213970 0.303139 0.059614 0.066401 0.092716 
0.070053 0.060956 0.188727 1.000000 0.036655 0.085711 0.192947 0.031554 0.070555 0.053105 0.016247 0.260097 0.244539 0.010524 0.057474 0.082358 
0.037548 0.046864 0.089314 0.036655 1.000000 0.102499 0.057628 0.048393 0.053110 0.167199 0.055560 0.036264 0.114818 0.000000 0.023177 0.064297 
0.147098 0.055490 0.089318 0.085711 0.102499 1.000000 0.103130 0.089594 0.115267 0.057825 0.061885 0.085787 0.170183 0.000000 0.068519 0.123392 
0.038834 0.095352 0.112656 0.192947 0.057628 0.103130 1.000000 0.011591 0.012405 0.111914 0.079894 0.042276 0.104093 0.000000 0.050303 0.094818 
0.104669 0.059712 0.048277 0.031554 0.048393 0.089594 0.011591 1.000000 0.293401 0.085972 0.009969 0.064479 0.055732 0.028323 0.051216 0.032864 
0.239505 0.004857 0.092047 0.070555 0.053110 0.115267 0.012405 0.293401 1.000000 0.087026 0.019693 0.101110 0.163266 0.000000 0.016887 0.007025 
0.047172 0.076163 0.173418 0.053105 0.167199 0.057825 0.111914 0.085972 0.087026 1.000000 0.350223 0.158586 0.098120 0.041287 0.029406 0.055794 
0.071731 0.046506 0.097076 0.016247 0.055560 0.061885 0.079894 0.009969 0.019693 0.350223 1.000000 0.066894 0.059331 0.058810 0.021961 0.026796 
0.093846 0.068337 0.213970 0.260097 0.036264 0.085787 0.042276 0.064479 0.101110 0.158586 0.066894 1.000000 0.326361 0.074146 0.045708 0.070060 
0.131834 0.226052 0.303139 0.244539 0.114818 0.170183 0.104093 0.055732 0.163266 0.098120 0.059331 0.326361 1.000000 0.079244 0.126039 0.040523 
0.009119 0.055795 0.059614 0.010524 0.000000 0.000000 0.000000 0.028323 0.000000 0.041287 0.058810 0.074146 0.079244 1.000000 0.047099 0.022760 
0.074557 0.332389 0.066401 0.057474 0.023177 0.068519 0.050303 0.051216 0.016887 0.029406 0.021961 0.045708 0.126039 0.047099 1.000000 0.057660 
0.111801 0.038109 0.092716 0.082358 0.064297 0.123392 0.094818 0.032864 0.007025 0.055794 0.026796 0.070060 0.040523 0.022760 0.057660 1.000000 
